11
34
35
34
27
89
56
80
81
26
92
96
16
3
6
78
31
29
6
5
5
42
48
20
13
20
75
36
19
26
69
2
83
16
24
9
15
11
18
95
67
90
26
13
10
81
30
41
64
65
6
51
23
33
35
48
48
33
37
83
14
92
6
9
78
12
28
21
30
61
31
77
28
82
20
28
80
57
90
1
10
82
54
49
1
36
66
61
37
76
56
95
80
51
18
3
33
22
49
85
17
20
10
26
82
61
53
93
78
43
98
61
34
7
91
77
18
65
22
7
36
88
12
29
0
25
71
86
90
99
10
42
40
21
16
14
31
99
49
43
49
15
33
5
62
92
63
63
72
14
84
26
1
69
65
44
39
27
90
20
86
74
8
92
50
62
69
93
97
85
61
95
97
64
69
69
39
38
0
61
15
69
33
6
24
4
28
42
96
53
90
99
53
63
89
66
48
68
73
32
26
34
48
56
57
32
84
13
61
20
54
85
4
11
80
84
77
17
68
68
56
3
17
49
96
95
24
49
41
39
99
89
60
39
74
59
58
29
67
54
85
10
43
43
66
48
39
19
24
46
38
13
31
21
81
37
85
1
29
64
5
19
77
54
62
43
3
8
67
92
57
62
25
45
29
77
74
92
40
22
97
66
20
87
92
47
39
16
81
10
45
20
98
44
25
22
88
30
24
51
9
58
64
67
86
97
95
77
80
71
13
31
41
14
48
15
3
0
47
80
25
53
74
81
94
74
72
41
57
41
52
7
7
33
50
56
85
40
98
83
7
36
58
41
54
76
1
88
77
26
25
47
31
38
62
19
69
33
37
43
91
35
36
29
82
94
60
9
80
13
37
57
60
5
41
25
21
64
12
64
98
7
68
67
32
22
93
17
28
36
26
45
25
49
18
72
45
69
86
11
68
73
76
9
50
76
92
45
87
16
59
72
65
9
65
30
21
52
69
3
78
1
65
85
7
30
68
81
45
90
23
4
86
74
3
35
13
19
36
99
10
39
24
91
47
78
96
31
24
17
76
19
60
10
59
33
9
38
13
4
42
96
5
26
12
4
82
97
10
56
93
14
63
42
23
2
15
27
21
14
35
52
62
23
13
80
48
76
83
58
82
12
47
61
94
11
96
1
42
85
73
33
75
65
71
11
98
81
22
20
59
32
84
62
53
88
14
80
19
78
29
85
61
54
12
96
31
13
13
8
63
23
17
32
42
19
88
2
63
15
79
97
88
31
17
98
7
85
31
96
82
87
43
76
8
10
38
44
55
71
66
58
43
20
23
2
33
61
16
50
25
13
23
54
78
5
93
48
19
95
7
53
35
43
97
54
74
71
57
54
36
42
61
1
20
64
15
19
1
72
57
91
29
67
61
3
26
76
11
49
85
70
22
35
67
30
91
59
36
2
8
87
60
92
17
17
65
91
3
87
94
53
57
25
21
32
38
92
55
34
53
76
22
65
14
53
22
53
85
72
41
95
35
97
88
90
13
89
98
60
58
17
19
66
98
46
87
57
69
0
43
15
94
33
29
81
40
21
23
87
51
60
53
57
68
13
72
77
11
29
47
84
6
63
70
41
10
55
71
14
75
57
68
73
89
29
18
66
50
82
51
60
17
32
24
21
76
31
87
64
70
21
53
2
83
76
69
45
92
6
87
94
7
21
99
21
28
16
82
79
44
71
74
64
59
51
59
63
65
3
71
79
30
62
11
96
54
19
33
78
11
34
1
50
26
38
76
84
58
40
83
69
33
2
92
31
61
98
97
34
87
57
86
78
2
52
6
75
30
46
17
73
97
92
76
54
56
58
66
21
83
68
75
12
54
85
81
10
11
3
46
87
45
32
73
9
64
10
85
94
24
39
55
0
13
3
96
97
36
82
38
39
75
45
46
63
26
13
0
43
50
37
47
86
72
82
51
45
63
28
75
75
80
23
41
73
87
95
22
16
74
30
12
56
62
37
50
19
14
79
94
48
36
41
67
58
35
70
50
61
31
35
95
75
53
78
16
75
62
13
41
95
88
66
48
44
40
19
65
40
73
13
75
96
90
93
34
52
27
67
16
84
96
30
82
69
60
24
80
34
52
73
73
53
23
54
82
41
89
36
66
37
20
56
27
7
21
17
48
79
36
38
34
44
26
5
10
54
84
65
21
94
72
61
19
23
45
78
77
97
37
59
46
27
27
0
98
29
63
40
86
97
85
52
60
88
53
73
90
38
50
53
14
15
18
15
5
84
34
38
55
66
12
21
48
34
21
56
75
34
